32
1 1.12246204830937 1.12246204830937 4 10 0 0
1 1.12246204830937 2.24492409661875 4 10 0 0
1 1.12246204830937 3.36738614492812 4 10 0 0
1 1.12246204830937 4.48984819323749 4 10 0 0
1 2.24492409661875 1.12246204830937 4 10 0 0
1 2.24492409661875 2.24492409661875 4 10 0 0
1 2.24492409661875 3.36738614492812 4 10 0 0
1 2.24492409661875 4.48984819323749 4 10 0 0
1 3.36738614492812 1.12246204830937 4 10 0 0
1 3.36738614492812 2.24492409661875 4 10 0 0
1 3.36738614492812 3.36738614492812 4 10 0 0
1 3.36738614492812 4.48984819323749 4 10 0 0
1 4.48984819323749 1.12246204830937 4 10 0 0
1 4.48984819323749 2.24492409661875 4 10 0 0
1 4.48984819323749 3.36738614492812 4 10 0 0
1 4.48984819323749 4.48984819323749 4 10 0 0
1 17.1224620483094 1.12246204830937 4 -10 0 0 
1 17.1224620483094 2.24492409661875 4 -10 0 0 
1 17.1224620483094 3.36738614492812 4 -10 0 0 
1 17.1224620483094 4.48984819323749 4 -10 0 0 
1 18.2449240966187 1.12246204830937 4 -10 0 0 
1 18.2449240966187 2.24492409661875 4 -10 0 0 
1 18.2449240966187 3.36738614492812 4 -10 0 0 
1 18.2449240966187 4.48984819323749 4 -10 0 0 
1 19.3673861449281 1.12246204830937 4 -10 0 0 
1 19.3673861449281 2.24492409661875 4 -10 0 0 
1 19.3673861449281 3.36738614492812 4 -10 0 0 
1 19.3673861449281 4.48984819323749 4 -10 0 0 
1 20.4898481932375 1.12246204830937 4 -10 0 0 
1 20.4898481932375 2.24492409661875 4 -10 0 0 
1 20.4898481932375 3.36738614492812 4 -10 0 0 
1 20.4898481932375 4.48984819323749 4 -10 0 0 
